Temp[K]     Kappa[W/(m*K)]     R_A     R_O     TA_N        TA_U        TA_ISO      TA'_N       TA'_U       TA'_ISO     LA_N        LA_U        LA_ISO      O_N         O_U         O_ISO       
300.0       1.521            0.129   0.871   4.929e-16   8.169e-14   1.796e-09   1.202e-14   2.042e-12   1.753e-09   2.724e-13   4.546e-12   3.954e-09   6.649e-18   3.227e-13   7.429e-14   
350.0       1.453            0.128   0.872   2.661e-16   6.925e-14   1.796e-09   6.491e-15   1.731e-12   1.753e-09   1.715e-13   3.853e-12   3.954e-09   4.187e-18   2.681e-13   7.429e-14   
400.0       1.389            0.127   0.873   1.560e-16   6.009e-14   1.796e-09   3.805e-15   1.502e-12   1.753e-09   1.149e-13   3.343e-12   3.954e-09   2.805e-18   2.291e-13   7.429e-14   
450.0       1.329            0.127   0.873   9.737e-17   5.307e-14   1.796e-09   2.375e-15   1.326e-12   1.753e-09   8.070e-14   2.952e-12   3.954e-09   1.970e-18   2.000e-13   7.429e-14   
500.0       1.274            0.126   0.874   6.389e-17   4.751e-14   1.796e-09   1.558e-15   1.187e-12   1.753e-09   5.883e-14   2.642e-12   3.954e-09   1.436e-18   1.774e-13   7.429e-14   
550.0       1.224            0.126   0.874   4.363e-17   4.301e-14   1.796e-09   1.064e-15   1.075e-12   1.753e-09   4.420e-14   2.392e-12   3.954e-09   1.079e-18   1.593e-13   7.429e-14   
600.0       1.177            0.126   0.874   3.081e-17   3.929e-14   1.796e-09   7.515e-16   9.818e-13   1.753e-09   3.405e-14   2.185e-12   3.954e-09   8.311e-19   1.446e-13   7.429e-14   
650.0       1.133            0.126   0.874   2.237e-17   3.616e-14   1.796e-09   5.456e-16   9.036e-13   1.753e-09   2.678e-14   2.010e-12   3.954e-09   6.537e-19   1.324e-13   7.429e-14   
700.0       1.092            0.126   0.874   1.663e-17   3.349e-14   1.796e-09   4.057e-16   8.369e-13   1.753e-09   2.144e-14   1.862e-12   3.954e-09   5.234e-19   1.220e-13   7.429e-14   
750.0       1.054            0.126   0.874   1.262e-17   3.118e-14   1.796e-09   3.078e-16   7.794e-13   1.753e-09   1.743e-14   1.734e-12   3.954e-09   4.255e-19   1.132e-13   7.429e-14   
800.0       1.019            0.126   0.874   9.748e-18   2.918e-14   1.796e-09   2.378e-16   7.292e-13   1.753e-09   1.436e-14   1.622e-12   3.954e-09   3.506e-19   1.055e-13   7.429e-14   
850.0       0.986            0.125   0.875   7.649e-18   2.742e-14   1.796e-09   1.866e-16   6.852e-13   1.753e-09   1.197e-14   1.524e-12   3.954e-09   2.923e-19   9.883e-14   7.429e-14   
900.0       0.955            0.125   0.875   6.086e-18   2.585e-14   1.796e-09   1.485e-16   6.461e-13   1.753e-09   1.009e-14   1.437e-12   3.954e-09   2.462e-19   9.294e-14   7.429e-14   
950.0       0.926            0.125   0.875   4.902e-18   2.446e-14   1.796e-09   1.196e-16   6.113e-13   1.753e-09   8.577e-15   1.360e-12   3.954e-09   2.094e-19   8.771e-14   7.429e-14   
1000.0      0.898            0.125   0.875   3.993e-18   2.321e-14   1.796e-09   9.740e-17   5.800e-13   1.753e-09   7.354e-15   1.290e-12   3.954e-09   1.795e-19   8.304e-14   7.429e-14   
