Temp[K]     Kappa[W/(m*K)]     R_A     R_O     TA_N        TA_U        TA_ISO      TA'_N       TA'_U       TA'_ISO     LA_N        LA_U        LA_ISO      O_N         O_U         O_ISO       
200.0       7081.726         0.951   0.049   3.286e-10   1.809e-10   5.704e-11   1.570e-10   9.267e-11   4.641e-11   6.908e-11   1.344e-10   9.468e-11   3.660e-19   1.043e-13   6.293e-16   
250.0       4559.323         0.886   0.114   1.346e-10   9.356e-11   5.704e-11   6.429e-11   4.625e-11   4.641e-11   3.537e-11   6.390e-11   9.468e-11   1.874e-19   4.471e-14   6.293e-16   
300.0       3179.549         0.819   0.181   6.491e-11   5.829e-11   5.704e-11   3.101e-11   2.814e-11   4.641e-11   2.047e-11   3.764e-11   9.468e-11   1.084e-19   2.458e-14   6.293e-16   
350.0       2345.104         0.761   0.239   3.504e-11   4.059e-11   5.704e-11   1.674e-11   1.927e-11   4.641e-11   1.289e-11   2.518e-11   9.468e-11   6.828e-20   1.565e-14   6.293e-16   
400.0       1806.876         0.714   0.286   2.054e-11   3.040e-11   5.704e-11   9.810e-12   1.424e-11   4.641e-11   8.636e-12   1.829e-11   9.468e-11   4.575e-20   1.096e-14   6.293e-16   
450.0       1442.056         0.678   0.322   1.282e-11   2.394e-11   5.704e-11   6.125e-12   1.111e-11   4.641e-11   6.065e-12   1.407e-11   9.468e-11   3.213e-20   8.189e-15   6.293e-16   
500.0       1184.361         0.649   0.351   8.413e-12   1.955e-11   5.704e-11   4.018e-12   9.001e-12   4.641e-11   4.421e-12   1.128e-11   9.468e-11   2.342e-20   6.415e-15   6.293e-16   
550.0       995.829          0.626   0.374   5.746e-12   1.642e-11   5.704e-11   2.745e-12   7.510e-12   4.641e-11   3.322e-12   9.329e-12   9.468e-11   1.760e-20   5.206e-15   6.293e-16   
600.0       853.683          0.608   0.392   4.057e-12   1.409e-11   5.704e-11   1.938e-12   6.409e-12   4.641e-11   2.559e-12   7.903e-12   9.468e-11   1.355e-20   4.342e-15   6.293e-16   
650.0       743.700          0.593   0.407   2.945e-12   1.230e-11   5.704e-11   1.407e-12   5.569e-12   4.641e-11   2.012e-12   6.824e-12   9.468e-11   1.066e-20   3.700e-15   6.293e-16   
700.0       656.679          0.581   0.419   2.190e-12   1.089e-11   5.704e-11   1.046e-12   4.910e-12   4.641e-11   1.611e-12   5.984e-12   9.468e-11   8.536e-21   3.208e-15   6.293e-16   
750.0       586.481          0.571   0.429   1.662e-12   9.746e-12   5.704e-11   7.937e-13   4.381e-12   4.641e-11   1.310e-12   5.315e-12   9.468e-11   6.940e-21   2.821e-15   6.293e-16   
800.0       528.892          0.563   0.437   1.284e-12   8.811e-12   5.704e-11   6.132e-13   3.949e-12   4.641e-11   1.079e-12   4.771e-12   9.468e-11   5.718e-21   2.511e-15   6.293e-16   
850.0       480.948          0.556   0.444   1.007e-12   8.031e-12   5.704e-11   4.811e-13   3.590e-12   4.641e-11   8.999e-13   4.322e-12   9.468e-11   4.767e-21   2.257e-15   6.293e-16   
900.0       440.513          0.551   0.449   8.014e-13   7.372e-12   5.704e-11   3.828e-13   3.288e-12   4.641e-11   7.581e-13   3.945e-12   9.468e-11   4.016e-21   2.046e-15   6.293e-16   
950.0       406.019          0.546   0.454   6.455e-13   6.808e-12   5.704e-11   3.083e-13   3.030e-12   4.641e-11   6.446e-13   3.626e-12   9.468e-11   3.415e-21   1.869e-15   6.293e-16   
1000.0      376.294          0.541   0.459   5.258e-13   6.321e-12   5.704e-11   2.511e-13   2.808e-12   4.641e-11   5.527e-13   3.351e-12   9.468e-11   2.928e-21   1.718e-15   6.293e-16   
